mean :  1.07511e-05 +/- 3.62593e-07
widt1 :  0.00170764 +/- 6.33072e-07
widt2 :  0.00447057 +/- 2.54738e-06
gfrac1 : 0.67856 +/- 0.000356145
